"ant","ts","fullID","freq","freq.sd","sig","sig.sd","noise","run.id","pos.in.run","slop","burst.slop","ant.freq"
4,1697126935.9862,252#19@166.38:5.9,4.653,0.837,-71.8,45.6,-81.4,1468,1,0.0015,0,0
1,1697170884.3661,252#407@166.38:8.9,3.826,0.00252,-67,10.3,-81.8,1763,1,0.0003,0,0
1,1697170893.2644,252#407@166.38:8.9,3.833,0.00805,-68.3,19.8,-81.8,1763,2,0.0004,0,0
1,1697170902.1623,252#407@166.38:8.9,3.822,0.0124,-65.2,10.1,-81.7,1763,3,0.0003,-0.0003,0
1,1697170911.0606,252#407@166.38:8.9,3.828,0.00851,-64.9,7.48,-81.7,1763,4,0.0004,0,0
1,1697170919.9589,252#407@166.38:8.9,3.834,0.00618,-64,11.4,-81.7,1763,5,0.0001,0,0
1,1697170928.8569,252#407@166.38:8.9,3.834,0.00618,-63.9,9.84,-81.4,1763,6,0.0007,0.0001,0
1,1697170937.7551,252#407@166.38:8.9,3.828,0.00597,-63.8,9.92,-81.5,1763,7,0.0003,0,0
1,1697170946.6531,252#407@166.38:8.9,3.835,0.00226,-63.8,1.14,-81.6,1763,8,0.0003,-0.0002,0
1,1697170955.5513,252#407@166.38:8.9,3.831,0.00492,-63.4,6.52,-81.6,1763,9,0.0004,0,0
1,1697170964.4493,252#407@166.38:8.9,3.832,0.00648,-63.4,6.98,-81.3,1763,10,0.0003,-0.0003,0
1,1697170973.3476,252#407@166.38:8.9,3.827,0.00895,-63.5,9.5,-81.6,1763,11,0.0003,0,0
1,1697170982.2456,252#407@166.38:8.9,3.822,0.0142,-64.5,55,-82.2,1763,12,0.0003,-0.0002,0
2,1697170991.1439,252#407@166.38:8.9,5.54,0.00731,-75.6,8.86,-83.5,1770,1,0.0001,0,0
1,1697170991.1438,252#407@166.38:8.9,3.824,0.0121,-63.6,7.86,-81.8,1763,13,0.0004,0,0
2,1697171000.042,252#407@166.38:8.9,5.546,0.0216,-75.2,11.5,-83.1,1770,2,0.0001,0.0001,0
1,1697171000.0421,252#407@166.38:8.9,3.823,0.00773,-63.7,8.47,-81.6,1763,14,0.0001,0,0
1,1697171008.9401,252#407@166.38:8.9,3.832,0.00575,-62.9,13,-81.5,1763,15,0.0007,0,0
2,1697171017.8382,252#407@166.38:8.9,5.562,0.0293,-74.7,8.8,-83.2,1774,1,0.0003,0,0
1,1697171017.8383,252#407@166.38:8.9,3.831,0.00977,-63.8,55.7,-82.4,1763,16,0.0001,0,0
2,1697171026.7363,252#407@166.38:8.9,5.565,0.00552,-74.1,11.8,-83.4,1774,2,0.0003,-0.0001,0
1,1697171026.7363,252#407@166.38:8.9,3.824,0.00465,-63.7,9.59,-81.6,1763,17,0.0003,0,0
3,1697171026.7362,252#407@166.38:8.9,5.49,0.00748,-76.9,18.7,-84.3,1778,1,0.0003,0,0
2,1697171035.6346,252#407@166.38:8.9,5.559,0.0228,-73.5,11,-83.4,1774,3,0.0001,0.0001,0
1,1697171035.6346,252#407@166.38:8.9,3.823,0.00704,-63.6,8.92,-81.9,1763,18,0.0003,0,0
3,1697171035.6345,252#407@166.38:8.9,5.504,0.0129,-76.2,5,-84.2,1778,2,9.98e-05,0.0001,0
2,1697171044.5327,252#407@166.38:8.9,5.56,0.00957,-72.9,22.9,-82.2,1774,4,0.0001,0.0001,0
1,1697171044.5325,252#407@166.38:8.9,3.819,0.0125,-64,12.3,-81.7,1763,19,0.0003,-0.0003,0
2,1697171053.4308,252#407@166.38:8.9,5.553,0.0212,-73.5,8.13,-82.6,1774,5,0.0003,0.0001,0
1,1697171053.4308,252#407@166.38:8.9,3.822,0.0115,-64.6,15.2,-81.7,1763,20,0.0003,0,0
2,1697171062.3289,252#407@166.38:8.9,5.567,0.0243,-73,12.9,-83.3,1774,6,0.0003,-0.0001,0
1,1697171062.3288,252#407@166.38:8.9,3.825,0.00977,-64.3,7.53,-81.7,1763,21,0.0003,-0.0002,0
2,1697171071.227,252#407@166.38:8.9,5.55,0.0124,-72.9,9.74,-83.1,1774,7,0.0003,-0.0002,0
1,1697171071.2271,252#407@166.38:8.9,3.823,0.0105,-64.3,8.37,-81.6,1763,22,0.0003,0,0
2,1697171080.1251,252#407@166.38:8.9,5.546,0.0223,-72.3,16.8,-82.1,1774,8,0.0003,-0.0002,0
1,1697171080.1253,252#407@166.38:8.9,3.824,0.00677,-64.4,6.35,-81.6,1763,23,0.0001,0,0
2,1697171089.0232,252#407@166.38:8.9,5.567,0.0316,-72.1,10.3,-83,1774,9,0.0004,-0.0001,0
1,1697171089.0233,252#407@166.38:8.9,3.823,0.00844,-65.1,5.91,-81.6,1763,24,0.0004,0,0
2,1697171097.9215,252#407@166.38:8.9,5.562,0.0185,-72.1,11.2,-83.1,1774,10,0.0004,0,0
1,1697171097.9215,252#407@166.38:8.9,3.833,0.00391,-65.2,14.3,-81.5,1763,25,0.0002,0,0
2,1697171106.8196,252#407@166.38:8.9,5.568,0.0324,-71.6,19.5,-82.5,1774,11,0.0004,-0.0002,0
1,1697171106.8195,252#407@166.38:8.9,3.837,0.00391,-65.6,14.9,-81.7,1763,26,0.0003,0,0
4,1697171115.7179,252#407@166.38:8.9,5.906,0.0101,-74.5,12.8,-83.2,1789,1,0.0005,0,0
2,1697171115.7177,252#407@166.38:8.9,5.551,0.011,-72.1,4.83,-83.6,1774,12,0.0004,-0.0002,0
1,1697171115.7178,252#407@166.38:8.9,3.824,0.0122,-66.3,14.7,-81.8,1763,27,0.0003,0,0
4,1697171124.6158,252#407@166.38:8.9,5.907,0.0176,-74.6,8.44,-83.2,1789,2,0.0003,-0.0001,0
2,1697171124.6159,252#407@166.38:8.9,5.555,0.00451,-71.7,9.14,-83.5,1774,13,0.0008,-0.0001,0
1,1697171124.6158,252#407@166.38:8.9,3.818,0.00504,-66.6,16.1,-81.7,1763,28,0.0003,-0.0002,0
4,1697171133.5139,252#407@166.38:8.9,5.903,0.00781,-74.5,15.7,-83.1,1789,3,0.0006,-0.0001,0
2,1697171133.5139,252#407@166.38:8.9,5.565,0.0115,-72.3,12.9,-83.3,1774,14,0.0003,-0.0003,0
1,1697171133.514,252#407@166.38:8.9,3.823,0.00492,-67.2,10.8,-81.9,1763,29,0.0003,0,0
4,1697171142.4123,252#407@166.38:8.9,5.899,0.0143,-74.7,19.2,-82.3,1789,4,0.0002,-0.0001,0
2,1697171142.412,252#407@166.38:8.9,5.543,0.00829,-72.3,8.37,-83.2,1774,15,0.0003,-0.0002,0
1,1697171142.412,252#407@166.38:8.9,3.821,0.00564,-67.4,14.7,-81.8,1763,30,0.0004,-0.0003,0
4,1697171151.3104,252#407@166.38:8.9,5.909,0.0175,-74,14.7,-82.9,1789,5,0.0004,0.0002,0
2,1697171151.3104,252#407@166.38:8.9,5.562,0.0168,-72.7,13.3,-83.2,1774,16,0.0001,0.0001,0
1,1697171151.3103,252#407@166.38:8.9,3.823,0.0152,-68.8,8.64,-81.8,1763,31,0.0003,0,0
2,1697171160.2085,252#407@166.38:8.9,5.56,0.0283,-73.8,12.9,-83.5,1774,17,0.0003,0.0001,0
1,1697171160.2083,252#407@166.38:8.9,3.815,0.0171,-70.1,13.6,-81.9,1763,32,0.0003,-0.0002,0
4,1697171160.2085,252#407@166.38:8.9,5.903,0.0141,-74.3,14.1,-83.1,1789,6,9.97e-05,-0.0001,0
1,1697171169.1065,252#407@166.38:8.9,3.82,0.00517,-71.8,52.5,-82.5,1763,33,0.0004,0,0
4,1697171169.1066,252#407@166.38:8.9,5.901,0.00713,-74.1,10.6,-82.6,1789,7,0.0003,0.0001,0
2,1697171169.1066,252#407@166.38:8.9,5.551,0.0182,-73.9,15.5,-82.9,1774,18,0.0003,-0.0001,0
4,1697171178.0047,252#407@166.38:8.9,5.897,0.0113,-74.3,8.6,-82.8,1789,8,0.0003,-0.0001,0
1,1697171178.0048,252#407@166.38:8.9,3.806,0.00552,-71.4,9.96,-81.9,1763,34,0.0001,0,0
1,1697171186.9028,252#407@166.38:8.9,3.822,0.0097,-71.5,24.1,-81.9,1763,35,0.0003,0,0
4,1697171186.9028,252#407@166.38:8.9,5.907,0.00677,-73.4,11.8,-82.8,1789,9,0.0003,-0.0001,0
1,1697171195.801,252#407@166.38:8.9,3.827,0.0139,-71.6,10.9,-81.7,1763,36,0.0004,0,0
4,1697171195.8009,252#407@166.38:8.9,5.908,0.00781,-72.9,3.89,-83.2,1789,10,0.0003,-0.0002,0
4,1697171204.699,252#407@166.38:8.9,5.902,0.0103,-72.5,12.5,-81.7,1789,11,0.0003,-0.0002,0
1,1697171204.699,252#407@166.38:8.9,3.824,0.0171,-73.6,17,-82,1763,37,0.0004,-0.0003,0
4,1697171213.5971,252#407@166.38:8.9,5.898,0.00391,-72.5,6.17,-83.3,1789,12,0.0003,-0.0002,0
4,1697171222.4955,252#407@166.38:8.9,5.909,0.00504,-73.3,11.8,-81.8,1789,13,0.0003,0.0001,0
4,1697171231.3936,252#407@166.38:8.9,5.911,0.015,-74.4,17.3,-83.6,1789,14,0.0008,-0.0001,0
4,1697171240.2917,252#407@166.38:8.9,5.907,0.0126,-74,2.75,-82.3,1789,15,0.0006,-0.0002,0
4,1697171249.1898,252#407@166.38:8.9,5.905,0.00504,-73.5,12.9,-82.5,1789,16,0.001,0.0001,0
2,1697171249.1897,252#407@166.38:8.9,5.558,0.0189,-74.3,13.7,-83,1810,1,0.0006,0,0
4,1697171258.088,252#407@166.38:8.9,5.9,0.00391,-72.3,7.26,-82.6,1789,17,0.0003,-0.0001,0
2,1697171258.0878,252#407@166.38:8.9,5.567,0.00916,-72.4,7.09,-83.1,1810,2,0.0003,-0.0004,0
4,1697171266.9861,252#407@166.38:8.9,5.898,0.011,-73.5,3.49,-82.7,1789,18,0.0003,-0.0001,0
2,1697171266.9861,252#407@166.38:8.9,5.545,0.0126,-70.1,9.36,-82.9,1810,3,0.0004,0.0001,0
4,1697171275.8841,252#407@166.38:8.9,5.911,0.00677,-73.2,11.6,-82.1,1789,19,0.0003,-0.0002,0
2,1697171275.8842,252#407@166.38:8.9,5.549,0.00575,-68.6,4.9,-82.7,1810,4,0.0004,-0.0002,0
2,1697171284.7823,252#407@166.38:8.9,5.556,0.0175,-67.1,33.5,-81.8,1810,5,0.0003,-0.0002,0
4,1697171284.7823,252#407@166.38:8.9,5.903,0.013,-73.4,12.8,-81.8,1789,20,0.0003,-0.0001,0
2,1697171293.6804,252#407@166.38:8.9,5.556,0.00695,-65.4,4.88,-83.5,1810,6,0.0003,-0.0001,0
4,1697171293.6804,252#407@166.38:8.9,5.893,0.00226,-73.3,12.5,-83,1789,21,0.0004,-0.0001,0
2,1697171302.5785,252#407@166.38:8.9,5.547,0.00575,-64.6,6.9,-83.3,1810,7,0.0003,-0.0002,0
3,1697171302.5787,252#407@166.38:8.9,5.498,0.00575,-75.7,21.3,-84,1827,1,0.0004,0,0
4,1697171302.5788,252#407@166.38:8.9,5.899,0.00319,-72,12.5,-82.7,1789,22,0.0002,0.0001,0
2,1697171311.4769,252#407@166.38:8.9,5.557,0.0122,-68.7,11.2,-83.3,1810,8,0.0001,0.0001,0
4,1697171320.375,252#407@166.38:8.9,5.906,0.0141,-72.7,13.8,-82.8,1789,23,0.0003,0.000299,0
2,1697171320.375,252#407@166.38:8.9,5.554,0.00597,-64.1,8.32,-83,1810,9,0.0003,0.0002,0
4,1697171329.2731,252#407@166.38:8.9,5.905,0.00813,-72.6,11.7,-82.6,1789,24,0.0003,-0.0001,0
2,1697171329.273,252#407@166.38:8.9,5.555,0.00451,-63,6.61,-83.1,1810,10,0.0003,-0.0002,0
4,1697171338.1712,252#407@166.38:8.9,5.898,0.0108,-74.5,19.8,-82.7,1789,25,0.0005,-0.0001,0
3,1697171338.1711,252#407@166.38:8.9,5.492,0.00813,-74.7,5.53,-83.3,1834,1,0.0003,0,0
2,1697171338.1711,252#407@166.38:8.9,5.549,0.00391,-62.5,5.51,-82.6,1810,11,0.0008,-0.0002,0
2,1697171347.0692,252#407@166.38:8.9,5.551,0.00504,-61.6,7.17,-83.1,1810,12,0.0003,-0.0002,0
3,1697171347.0694,252#407@166.38:8.9,5.495,0.0138,-75.3,10.6,-83.6,1834,2,0.0009,0.0001,0
4,1697171347.0693,252#407@166.38:8.9,5.899,0.0126,-74.6,8.82,-82.4,1789,26,0.0004,0.0001,0
2,1697171355.9673,252#407@166.38:8.9,5.555,0.00276,-61.7,8.73,-82.9,1810,13,0.0003,-0.0002,0
4,1697171355.9674,252#407@166.38:8.9,5.908,0.00677,-74.5,1.65,-82.9,1789,27,0.0003,-0.0002,0
2,1697171364.8657,252#407@166.38:8.9,5.553,0.00552,-61.5,5.51,-83.1,1810,14,0.0001,0.0001,0
4,1697171364.8655,252#407@166.38:8.9,5.907,0.00677,-73.7,6.52,-82.5,1789,28,0.0008,-0.0002,0
4,1697171373.7636,252#407@166.38:8.9,5.909,0.0144,-72.8,19.3,-82.1,1789,29,0.0003,-0.0002,0
2,1697171373.7637,252#407@166.38:8.9,5.551,0.00552,-61.2,8.25,-82.2,1810,15,0.0004,0,0
3,1697171373.7636,252#407@166.38:8.9,5.496,0.0224,-74.9,14.2,-82.9,1838,1,0.0003,0,0
4,1697171382.6618,252#407@166.38:8.9,5.902,0.00504,-73.6,11.8,-83,1789,30,0.0003,-0.0001,0
2,1697171382.6619,252#407@166.38:8.9,5.551,0.00575,-60.8,3.18,-82.9,1810,16,0.0003,-0.0001,0
4,1697171391.5601,252#407@166.38:8.9,5.9,0.00813,-72.6,9.62,-83,1789,31,9.99e-05,0.0001,0
2,1697171391.56,252#407@166.38:8.9,5.552,0,-60.2,1.62,-82.7,1810,17,0.0003,-0.0001,0
4,1697171400.4582,252#407@166.38:8.9,5.901,0.00781,-73.4,14.7,-83.3,1789,32,0.0001,0.0001,0
2,1697171400.4581,252#407@166.38:8.9,5.551,0.00695,-60.3,5.97,-83.5,1810,18,0.0003,-0.0001,0
2,1697171409.3561,252#407@166.38:8.9,5.549,0.00422,-59.5,6.12,-81.8,1810,19,0.0003,-0.0002,0
4,1697171418.2545,252#407@166.38:8.9,5.914,0.0156,-74.8,6.61,-82.7,1843,1,0.0002,0,0
2,1697171418.2545,252#407@166.38:8.9,5.549,0.00226,-59.7,5.6,-82.7,1810,20,9.97e-05,0.0001,0
4,1697171427.1526,252#407@166.38:8.9,5.9,0.00748,-74,18.9,-82.5,1843,2,0.0007,0.0001,0
2,1697171427.1526,252#407@166.38:8.9,5.552,0.00391,-59.7,8.22,-82.6,1810,21,0.0004,0.0001,0
2,1697171436.0507,252#407@166.38:8.9,5.549,0.00319,-59.6,9.24,-82.7,1810,22,0.0003,-0.0002,0
4,1697171436.0507,252#407@166.38:8.9,5.894,0.0108,-74,10.4,-82.7,1843,3,0.0003,-0.0001,0
4,1697171444.9488,252#407@166.38:8.9,5.899,0.0128,-74,14.4,-81.9,1843,4,0.0003,-0.0001,0
2,1697171444.9488,252#407@166.38:8.9,5.547,0.00529,-59.9,2.74,-82,1810,23,0.0007,-0.0001,0
4,1697171453.8469,252#407@166.38:8.9,5.895,0.00552,-74,17.7,-83.1,1843,5,0.0004,-0.0001,0
2,1697171453.8469,252#407@166.38:8.9,5.549,0.00529,-59.5,5.82,-83.1,1810,24,0.0003,-0.0001,0
4,1697171462.745,252#407@166.38:8.9,5.899,0.00713,-70.7,21.6,-83.4,1843,6,0.0003,-0.0002,0
2,1697171462.745,252#407@166.38:8.9,5.547,0.00529,-56.7,3.33,-82.7,1810,25,0.0003,-0.0001,0
4,1697171471.6431,252#407@166.38:8.9,5.904,0,-71.5,13.7,-83.5,1843,7,0.0003,-0.0002,0
2,1697171471.6433,252#407@166.38:8.9,5.547,0.00159,-58.2,8.45,-82.8,1810,26,9.99e-05,0.0001,0
4,1697171480.5412,252#407@166.38:8.9,5.906,0.00902,-72.3,11.7,-83.3,1843,8,0.0004,-0.0002,0
2,1697171480.5414,252#407@166.38:8.9,5.55,0.00391,-58.2,3.42,-83.1,1810,27,0.0004,0.0001,0
4,1697171489.4396,252#407@166.38:8.9,5.897,0.0101,-73.4,2.62,-83.7,1843,9,0.0001,0.0001,0
2,1697171489.4395,252#407@166.38:8.9,5.545,0.00638,-59.8,2.13,-83.3,1810,28,0.0004,-0.0002,0
4,1697171498.3377,252#407@166.38:8.9,5.9,0.00813,-74,17.1,-82.9,1843,10,0.0004,0.0001,0
2,1697171498.3376,252#407@166.38:8.9,5.545,0.00797,-60.7,36.8,-82,1810,29,0.0004,-0.0002,0
4,1697171507.2358,252#407@166.38:8.9,5.902,0.00677,-73.1,11.7,-83,1843,11,0.0004,-0.0002,0
2,1697171507.2357,252#407@166.38:8.9,5.543,0.00357,-58.8,8.51,-82.7,1810,30,0.0003,-0.0002,0
4,1697171516.1339,252#407@166.38:8.9,5.899,0.00957,-72.8,15.9,-82.9,1843,12,0.0004,-0.0002,0
2,1697171516.1338,252#407@166.38:8.9,5.548,0.00357,-58.5,4.64,-82.8,1810,31,0.0003,-0.0002,0
4,1697171525.032,252#407@166.38:8.9,5.898,0.0266,-73.9,17.8,-82.2,1843,13,0.0003,-0.0002,0
2,1697171525.0321,252#407@166.38:8.9,5.546,0.00391,-60.4,1.74,-82.4,1810,32,0.0001,0,0
2,1697171533.9302,252#407@166.38:8.9,5.546,0.00575,-61.4,4.15,-82.5,1810,33,0.0004,0.0001,0
2,1697171542.8284,252#407@166.38:8.9,5.549,0.0108,-63.8,4.69,-83.3,1810,34,0.0004,-0.0001,0
2,1697171551.7264,252#407@166.38:8.9,5.546,0.00276,-61.5,8.98,-83.1,1810,35,0.0003,-0.0002,0
2,1697171560.6245,252#407@166.38:8.9,5.541,0.00276,-64.5,9.28,-83.5,1810,36,0.0003,-0.0002,0
4,1697171569.5226,252#407@166.38:8.9,5.891,0.0216,-75.1,11.2,-83.4,1850,1,0.0005,0,0
2,1697171569.5226,252#407@166.38:8.9,5.548,0,-61.6,2.58,-83.6,1810,37,0.0003,-0.0002,0
2,1697171578.421,252#407@166.38:8.9,5.543,0.00731,-63,8.57,-82.7,1810,38,0.0001,0.0001,0
2,1697171587.3191,252#407@166.38:8.9,5.546,0.0097,-64.3,3.81,-82.9,1810,39,0.0004,0.0001,0
2,1697171596.2172,252#407@166.38:8.9,5.544,0.00597,-62.9,7,-83,1810,40,0.0003,-0.0001,0
2,1697171605.1153,252#407@166.38:8.9,5.542,0.00226,-66.6,9.44,-83.3,1810,41,0.0003,-0.0001,0
2,1697171614.0133,252#407@166.38:8.9,5.55,0.00781,-66.1,7.86,-83.2,1810,42,0.0004,-0.0002,0
2,1697171622.9115,252#407@166.38:8.9,5.543,0.00504,-65.7,10.8,-83.2,1810,43,0.0002,-0.0001,0
2,1697171631.8095,252#407@166.38:8.9,5.543,0.00357,-67.6,35.5,-82.3,1810,44,0.0004,-0.0002,0
2,1697171640.7079,252#407@166.38:8.9,5.549,0.00529,-64.5,5.01,-83.4,1810,45,0.0004,0.0001,0
2,1697171649.606,252#407@166.38:8.9,5.541,0.00552,-65.5,6.4,-82.8,1810,46,0.0003,-0.0002,0
2,1697171658.5041,252#407@166.38:8.9,5.552,0.00695,-69.9,31.6,-83.3,1810,47,0.0007,-0.0001,0
2,1697171667.4022,252#407@166.38:8.9,5.549,0.0103,-66.5,14.6,-83,1810,48,0.0003,-0.0001,0
2,1697171676.3003,252#407@166.38:8.9,5.548,0.00748,-67.3,3.75,-83.2,1810,49,0.0003,-0.0001,0
2,1697171685.1986,252#407@166.38:8.9,5.543,0.00731,-69.4,9.72,-82.6,1810,50,9.99e-05,0.0001,0
2,1697171694.0967,252#407@166.38:8.9,5.537,0.00422,-68.9,3.78,-83.3,1810,51,0.0003,0.0001,0
2,1697171702.9948,252#407@166.38:8.9,5.553,0.0122,-70.9,9.04,-82.8,1810,52,0.0003,-0.0001,0
2,1697171711.8929,252#407@166.38:8.9,5.543,0.0178,-71.3,10.5,-83.2,1810,53,0.0008,-0.0001,0
2,1697171720.791,252#407@166.38:8.9,5.55,0.00478,-72,10.7,-83.5,1810,54,0.0003,-0.0002,0
2,1697171729.6891,252#407@166.38:8.9,5.551,0.00575,-70.5,3.89,-83.5,1810,55,0.0003,-0.0002,0
2,1697171738.5872,252#407@166.38:8.9,5.537,0.011,-73.5,13.3,-83.5,1810,56,0.0003,-0.0001,0
2,1697171747.4856,252#407@166.38:8.9,5.552,0.0191,-72.5,14.7,-83.2,1810,57,0.0001,0.000199,0
2,1697171756.3836,252#407@166.38:8.9,5.548,0.00943,-67.4,13.6,-83.2,1810,58,0.0004,0,0
2,1697171765.2817,252#407@166.38:8.9,5.549,0.0132,-69.2,2.87,-83.1,1810,59,0.0004,-0.0002,0
2,1697171774.1798,252#407@166.38:8.9,5.542,0.0128,-74.2,12.2,-83.5,1810,60,0.0008,-0.0002,0
2,1697171783.0782,252#407@166.38:8.9,5.54,0.00957,-73.2,11.3,-83.2,1810,61,0.0001,0.0001,0
2,1697171791.976,252#407@166.38:8.9,5.535,0.0203,-75.3,9.36,-83.2,1810,62,0.0003,-0.0002,0
2,1697171836.467,252#407@166.38:8.9,5.529,0.00357,-75.5,14.6,-83.5,1865,1,0.0001,0,0
2,1697171845.3651,252#407@166.38:8.9,5.543,0.0169,-74.5,10.6,-84,1865,2,0.0004,0.0001,0
4,1697217217.7033,252#400@166.38:8.9,5.787,0.125,-4.39,44.4,-22,2773,1,0.00035,0,0
3,1697217226.6015,252#400@166.38:8.9,5.391,0.00451,-5.15,10.9,-38.3,2805,1,0.00015,0,0
1,1697217226.6015,252#400@166.38:8.9,3.605,0.00552,-14.2,11.7,-47.5,2803,1,0.00015,0,0
4,1697217226.6015,252#400@166.38:8.9,5.829,0.00226,-3.65,3.34,-34.6,2773,2,0.00015,-5.05e-05,0
2,1697217226.6014,252#400@166.38:8.9,5.498,0.00159,-8.89,4.46,-41.3,2804,1,0.00035,0,0
3,1697217235.4993,252#400@166.38:8.9,5.299,0.0193,-5.81,25.8,-38.5,2805,2,0.00035,-0.00025,0
1,1697217235.4995,252#400@166.38:8.9,3.57,0.00957,-14.5,2.57,-45.3,2803,2,0.00015,-5.05e-05,0
4,1697217235.4996,252#400@166.38:8.9,5.794,0.0101,-3.55,0.974,-37.3,2773,3,0.00015,0.00015,0
2,1697217235.4995,252#400@166.38:8.9,5.481,0.00391,-9.05,1.35,-39.2,2804,2,0.00035,-0.000151,0
3,1697217244.3974,252#400@166.38:8.9,5.24,0.00765,-5.68,0.847,-40.2,2805,3,0.00035,-0.000151,0
1,1697217244.3975,252#400@166.38:8.9,3.549,0.00276,-14.9,1.27,-46,2803,3,0.00035,-5.05e-05,0
4,1697217244.3974,252#400@166.38:8.9,5.724,0.0128,-3.61,0.596,-38.4,2773,4,0.00045,-0.000151,0
2,1697217244.3976,252#400@166.38:8.9,5.465,0.00319,-9.13,0.546,-42.4,2804,3,0.00015,-0.000151,0
3,1697217253.2955,252#400@166.38:8.9,4.77,0.902,-6.67,66.9,-38.2,2805,4,0.00035,-0.000151,0
1,1697217253.2955,252#400@166.38:8.9,3.542,0.00338,-12.4,12.6,-45,2803,4,0.00035,-0.00025,0
4,1697217253.2955,252#400@166.38:8.9,5.69,0.0172,-6.65,21.2,-37.4,2773,5,0.00035,-0.000151,0
2,1697217253.2954,252#400@166.38:8.9,5.457,0.00478,-19,8.08,-52.5,2804,4,0.00035,-0.000151,0
3,1697217262.1936,252#400@166.38:8.9,5.271,0.00658,-13.8,60.4,-42.6,2805,5,0.00035,-0.000151,0
1,1697217262.1935,252#400@166.38:8.9,3.559,0.00252,-18.7,46.3,-54.9,2803,5,0.00035,-0.00025,0
4,1697217262.1937,252#400@166.38:8.9,5.772,0.00844,-6.06,54.3,-39.6,2773,6,0.00015,-4.96e-05,0
2,1697217262.1935,252#400@166.38:8.9,5.475,0.00159,-19.8,62.4,-54.5,2804,5,0.00035,-0.000151,0
2,1697217271.0916,252#400@166.38:8.9,5.483,0.00226,-40,17.4,-70.3,2804,6,0.00035,-0.000151,0
3,1697217271.0917,252#400@166.38:8.9,5.312,0.00748,-30.2,29,-63.4,2805,6,0.00015,-0.000151,0
1,1697217271.0915,252#400@166.38:8.9,3.572,0.00195,-33.9,21.4,-67.4,2803,6,0.00035,-0.00025,0
4,1697217271.0915,252#400@166.38:8.9,5.796,0.00391,-25.5,16.6,-60,2773,7,0.00035,-0.000151,0
2,1697217279.9897,252#400@166.38:8.9,5.474,0.00159,-36.8,6.37,-69.4,2804,7,0.00015,-0.000151,0
3,1697217279.9895,252#400@166.38:8.9,5.272,0.00597,-19.3,6.81,-52.4,2805,7,0.00035,-0.00025,0
1,1697217279.9897,252#400@166.38:8.9,3.56,0.00195,-36.4,4.42,-69.5,2803,7,0.00015,-4.96e-05,0
4,1697217279.9896,252#400@166.38:8.9,5.776,0.0128,-29.5,8.15,-60.9,2773,8,0.00035,-0.000151,0
2,1697217288.8876,252#400@166.38:8.9,5.468,0.00319,-59.1,3.87,-82.6,2804,8,0.00035,-5.05e-05,0
3,1697217288.8876,252#400@166.38:8.9,5.246,0.00597,-33.5,3.35,-67.5,2805,8,0.00035,-0.000151,0
1,1697217288.8877,252#400@166.38:8.9,3.552,0.00159,-60.6,9.8,-81,2803,8,0.00015,-4.96e-05,0
4,1697217288.8878,252#400@166.38:8.9,5.733,0.0093,-42.3,5.02,-73.2,2773,9,0.00015,-5.05e-05,0
2,1697217297.7856,252#400@166.38:8.9,5.469,0.00422,-59.3,5.39,-82.3,2804,9,0.00045,-0.00025,0
3,1697217297.7857,252#400@166.38:8.9,5.237,0.00575,-34.1,0.87,-64.9,2805,9,0.00035,-0.000151,0
1,1697217297.7857,252#400@166.38:8.9,3.553,0.00686,-69.5,9.43,-81.5,2803,9,0.00035,-4.96e-05,0
4,1697217297.7856,252#400@166.38:8.9,5.722,0.00844,-45.2,0.946,-75.4,2773,10,0.00035,-0.000151,0
2,1697217306.6837,252#400@166.38:8.9,5.455,0.00226,-63.8,13.5,-82.5,2804,10,0.00035,-0.000151,0
3,1697217306.6838,252#400@166.38:8.9,5.217,0.00422,-34.9,1.41,-65.6,2805,10,0.00015,-0.000151,0
4,1697217306.6837,252#400@166.38:8.9,5.688,0.00713,-45.9,2.04,-75.1,2773,11,0.00035,-0.000151,0
3,1697217315.5819,252#400@166.38:8.9,5.199,0.00226,-34.9,2.12,-68.1,2805,11,0.00015,4.96e-05,0
4,1697217315.5818,252#400@166.38:8.9,5.657,0.00813,-45.5,1.94,-74.3,2773,12,0.00015,-0.000151,0
2,1697217315.5819,252#400@166.38:8.9,5.445,0.00357,-61.5,7.41,-82.6,2804,11,0.00015,-0.000151,0
2,1697217324.48,252#400@166.38:8.9,5.44,0.00658,-62.3,26.2,-82.9,2804,12,0.00015,0.00015,0
3,1697217324.4797,252#400@166.38:8.9,5.186,0.00276,-34.5,1.04,-68.3,2805,12,0.00035,-0.000151,0
1,1697217324.4797,252#400@166.38:8.9,3.529,0.00695,-72.7,31.2,-81.6,2803,10,0.00035,-0.00025,0
4,1697217324.4799,252#400@166.38:8.9,5.635,0.00422,-45.1,7.06,-75.5,2773,13,0.00015,4.96e-05,0
2,1697217333.3777,252#400@166.38:8.9,5.43,0.00677,-59,20.1,-81.6,2804,13,0.00045,-0.00025,0
3,1697217333.3778,252#400@166.38:8.9,5.175,0.00226,-32.9,9.21,-65.4,2805,13,0.00035,-0.000151,0
1,1697217333.3777,252#400@166.38:8.9,3.523,0.00159,-57.6,5.59,-80.5,2803,11,0.00035,-0.00025,0
4,1697217333.3778,252#400@166.38:8.9,5.616,0.00226,-42.4,8.3,-73.4,2773,14,0.00035,-0.000151,0
1,1697217342.276,252#400@166.38:8.9,3.519,0.00159,-50.2,27.5,-79.4,2803,12,0.00015,4.96e-05,0
2,1697217342.2759,252#400@166.38:8.9,5.417,0.00478,-51.5,28,-79.7,2804,14,0.00035,-0.000151,0
3,1697217342.2759,252#400@166.38:8.9,5.167,0.00357,-37.3,39.2,-68.3,2805,14,0.00035,-0.000151,0
4,1697217342.2759,252#400@166.38:8.9,5.6,0.00658,-46.6,28.4,-74.7,2773,15,0.00035,-0.000151,0
1,1697217351.174,252#400@166.38:8.9,3.507,0.00195,-47.6,3.18,-77.2,2803,13,0.00015,4.96e-05,0
2,1697217351.174,252#400@166.38:8.9,5.389,0.00226,-48,2.44,-78.3,2804,15,0.00015,-0.000151,0
3,1697217351.174,252#400@166.38:8.9,5.148,0.00226,-32.1,4.14,-64,2805,15,0.00015,-0.000151,0
4,1697217351.174,252#400@166.38:8.9,5.574,0.00422,-41.2,1.92,-73.7,2773,16,0.00015,-0.000151,0
1,1697217360.072,252#400@166.38:8.9,3.507,0.00276,-47,1.2,-75.7,2803,14,0.00035,4.96e-05,0
4,1697217360.0719,252#400@166.38:8.9,5.57,0.00226,-40.7,0.851,-74.1,2773,17,0.00035,-0.000151,0
2,1697217360.0721,252#400@166.38:8.9,5.385,0.00597,-47.3,1.63,-78.7,2804,16,0.00015,0.00015,0
3,1697217360.0721,252#400@166.38:8.9,5.147,0.00159,-31.4,1.56,-64.2,2805,16,0.00015,0.00015,0
1,1697217368.97,252#400@166.38:8.9,3.507,0.00252,-47.1,1.31,-76.7,2803,15,0.00035,-0.00025,0
4,1697217368.97,252#400@166.38:8.9,5.571,0.00226,-40.7,0.981,-71.1,2773,18,0.00035,-0.000151,0
2,1697217368.9699,252#400@166.38:8.9,5.383,0.00797,-46.9,0.687,-79.6,2804,17,0.00035,-0.000151,0
3,1697217368.9699,252#400@166.38:8.9,5.146,0.00276,-31.5,1,-65.8,2805,17,0.00035,-0.000151,0
4,1697217377.8681,252#400@166.38:8.9,5.573,0.00319,-40.6,0.71,-73,2773,19,0.00015,-0.000151,0
1,1697217377.868,252#400@166.38:8.9,3.507,0.00195,-46.8,1.14,-78.1,2803,16,0.00035,-0.00025,0
2,1697217377.868,252#400@166.38:8.9,5.389,0.00618,-47.2,1.81,-77.4,2804,18,0.00035,-0.000151,0
3,1697217377.868,252#400@166.38:8.9,5.147,0.00276,-31.4,1.32,-62.9,2805,18,0.00035,-0.000151,0
4,1697217386.766,252#400@166.38:8.9,5.574,0.00226,-41.5,19.8,-74.6,2773,20,0.00035,-0.000151,0
2,1697217386.7661,252#400@166.38:8.9,5.387,0.00451,-47.3,2.97,-77,2804,19,0.00015,-0.000151,0
3,1697217386.7661,252#400@166.38:8.9,5.148,0.00319,-32.1,18.7,-61.7,2805,19,0.00035,-0.000151,0
1,1697217386.766,252#400@166.38:8.9,3.508,0.00159,-47.1,2.11,-78.4,2803,17,0.00035,-0.00025,0
1,1697217395.6642,252#400@166.38:8.9,3.509,0.00159,-47.5,1.21,-78.1,2803,18,0.00015,4.96e-05,0
4,1697217395.6641,252#400@166.38:8.9,5.575,0.00319,-41.5,39.3,-71.8,2773,21,0.00035,-0.000151,0
2,1697217395.6642,252#400@166.38:8.9,5.393,0.00713,-48.1,1.61,-79.2,2804,20,0.00015,4.96e-05,0
3,1697217395.6642,252#400@166.38:8.9,5.149,0,-31.7,2.2,-64.4,2805,20,0.00015,-0.000151,0
1,1697217404.5622,252#400@166.38:8.9,3.509,0,-47.3,0.763,-77.7,2803,19,0.00015,-4.96e-05,0
4,1697217404.5622,252#400@166.38:8.9,5.576,0.00422,-40.9,0.949,-71.9,2773,22,0.00015,-0.000151,0
2,1697217404.5621,252#400@166.38:8.9,5.39,0.00391,-47.8,1.36,-79.8,2804,21,0.00035,-5.05e-05,0
3,1697217404.562,252#400@166.38:8.9,5.15,0.00276,-31.9,17.6,-64.1,2805,21,0.00035,-0.000151,0
3,1697217413.4601,252#400@166.38:8.9,5.15,0.00159,-31.5,0.869,-65.6,2805,22,0.00035,-0.000151,0
1,1697217413.4602,252#400@166.38:8.9,3.509,0.00159,-47.4,1.37,-76.6,2803,20,0.00015,-4.96e-05,0
4,1697217413.4601,252#400@166.38:8.9,5.577,0.00391,-40.8,7.82,-72.9,2773,23,0.00035,-0.000151,0
2,1697217413.4602,252#400@166.38:8.9,5.393,0.00529,-48,2.9,-77.8,2804,22,0.00035,-4.96e-05,0
3,1697217422.3582,252#400@166.38:8.9,5.152,0.00159,-31.7,1.85,-62.5,2805,23,0.00035,-0.000151,0
1,1697217422.3582,252#400@166.38:8.9,3.511,0.00195,-47.6,0.679,-76.5,2803,21,0.00035,-4.96e-05,0
4,1697217422.3581,252#400@166.38:8.9,5.58,0.00159,-40.9,1.97,-72.3,2773,24,0.00035,-0.000151,0
2,1697217422.3582,252#400@166.38:8.9,5.39,0.00391,-48.1,0.602,-77,2804,23,0.00015,-0.000151,0
3,1697217431.2563,252#400@166.38:8.9,5.154,0.00319,-31.6,2.52,-61.6,2805,24,0.00015,-0.000151,0
1,1697217431.2562,252#400@166.38:8.9,3.512,0.00159,-47.1,3.08,-77,2803,22,0.00035,-0.00025,0
4,1697217431.2563,252#400@166.38:8.9,5.582,0.00451,-41.7,39.6,-70.6,2773,25,0.00015,-5.05e-05,0
2,1697217431.2563,252#400@166.38:8.9,5.396,0.00478,-47.7,2.59,-78.6,2804,24,0.00015,4.96e-05,0
3,1697217440.1544,252#400@166.38:8.9,5.156,0.00159,-31.6,0.867,-64.8,2805,25,0.00015,0.00015,0
1,1697217440.1542,252#400@166.38:8.9,3.513,0.00113,-47.2,0.992,-78.6,2803,23,0.00035,-0.00025,0
4,1697217440.1544,252#400@166.38:8.9,5.584,0.00391,-41.2,1.27,-73.1,2773,26,0.00015,0.00015,0
2,1697217440.1542,252#400@166.38:8.9,5.399,0.00658,-47.8,1.56,-79.4,2804,25,0.00035,-0.000151,0
1,1697217449.0522,252#400@166.38:8.9,3.514,0.00159,-47,1.02,-78.2,2803,24,0.00035,-0.00025,0
4,1697217449.0522,252#400@166.38:8.9,5.588,0.00504,-40.5,1.06,-73.4,2773,27,0.00035,-0.000151,0
2,1697217449.0523,252#400@166.38:8.9,5.406,0.00529,-47.5,1.07,-77.4,2804,26,0.00035,-0.000151,0
3,1697217449.0522,252#400@166.38:8.9,5.158,0.00226,-31.4,0.927,-64.7,2805,26,0.00035,-0.000151,0
3,1697217457.9503,252#400@166.38:8.9,5.16,0.00276,-31.7,3.24,-65.1,2805,27,0.00035,-0.000151,0
1,1697217457.9505,252#400@166.38:8.9,3.516,0.00113,-47.4,2.27,-77.8,2803,25,0.00015,4.96e-05,0
4,1697217457.9504,252#400@166.38:8.9,5.592,0.00357,-41,3.33,-71,2773,28,0.00035,-4.96e-05,0
2,1697217457.9504,252#400@166.38:8.9,5.408,0.00357,-47.9,1.39,-76.7,2804,27,0.00035,-0.000151,0
3,1697217466.8484,252#400@166.38:8.9,5.162,0.00276,-31.4,0.872,-62.1,2805,28,0.00035,-0.000151,0
1,1697217466.8485,252#400@166.38:8.9,3.516,0.00195,-47,1.15,-77.7,2803,26,0.00015,4.96e-05,0
4,1697217466.8485,252#400@166.38:8.9,5.595,0.00552,-40.6,0.439,-73.1,2773,29,0.00015,-0.000151,0
2,1697217466.8485,252#400@166.38:8.9,5.412,0.00504,-47.5,1.56,-79,2804,28,0.00015,-0.000151,0
3,1697217475.7464,252#400@166.38:8.9,5.164,0.00319,-31.5,4.18,-62.8,2805,29,0.00015,-0.00025,0
1,1697217475.7464,252#400@166.38:8.9,3.518,0.00113,-46.8,1.69,-75.6,2803,27,0.00035,-4.96e-05,0
4,1697217475.7463,252#400@166.38:8.9,5.597,0.00357,-40.2,0.928,-73.3,2773,30,0.00035,-0.000151,0
2,1697217475.7463,252#400@166.38:8.9,5.413,0.00504,-47.1,2.41,-78.9,2804,29,0.00035,-0.000151,0
3,1697217484.6445,252#400@166.38:8.9,5.166,0.00319,-31.1,2.48,-64.3,2805,30,0.00015,4.96e-05,0
1,1697217484.6444,252#400@166.38:8.9,3.519,0.00159,-46.7,1.29,-76.1,2803,28,0.00035,-0.00035,0
4,1697217484.6444,252#400@166.38:8.9,5.6,0.00451,-40.5,1.3,-70.4,2773,31,0.00035,-0.00025,0
2,1697217484.6444,252#400@166.38:8.9,5.419,0.00451,-47.3,1.06,-77.3,2804,30,0.00035,-0.000151,0
3,1697217493.5424,252#400@166.38:8.9,5.167,0.00357,-31.3,4.29,-65.6,2805,31,0.00035,-0.000151,0
1,1697217493.5424,252#400@166.38:8.9,3.52,0.00113,-46.6,1.25,-77.2,2803,29,0.00035,-0.00025,0
4,1697217493.5425,252#400@166.38:8.9,5.602,0.00529,-40.4,0.807,-71.8,2773,32,0.00015,-0.000151,0
2,1697217493.5425,252#400@166.38:8.9,5.418,0.00357,-47.3,1.52,-76.2,2804,31,0.00035,-0.000151,0
3,1697217502.4405,252#400@166.38:8.9,5.168,0.00226,-31.3,1.2,-63.5,2805,32,0.00035,-0.000151,0
1,1697217502.4404,252#400@166.38:8.9,3.52,0.00113,-46.5,0.606,-78.2,2803,30,0.00035,-0.00025,0
4,1697217502.4404,252#400@166.38:8.9,5.603,0.00422,-40.4,0.95,-72.9,2773,33,0.00035,-0.000151,0
2,1697217502.4406,252#400@166.38:8.9,5.421,0.00226,-47.2,1.48,-78.6,2804,32,0.00015,-0.000151,0
3,1697217511.3386,252#400@166.38:8.9,5.169,0.00276,-31.3,1.11,-61.4,2805,33,0.00035,-0.000151,0
1,1697217511.3384,252#400@166.38:8.9,3.521,0.00195,-46.5,1.38,-77.2,2803,31,0.00035,-0.00025,0
4,1697217511.3386,252#400@166.38:8.9,5.605,0.00597,-40.3,1.31,-70.7,2773,34,0.00025,-5.05e-05,0
2,1697217511.3385,252#400@166.38:8.9,5.422,0.00319,-47.1,0.326,-77.9,2804,33,0.00035,-0.000151,0
3,1697217520.2366,252#400@166.38:8.9,5.169,0.00319,-31.3,0.676,-63.6,2805,34,0.00015,-0.00025,0
1,1697217520.2367,252#400@166.38:8.9,3.521,0.00159,-46.5,1,-77.8,2803,32,0.00015,4.96e-05,0
4,1697217520.2367,252#400@166.38:8.9,5.607,0.00618,-40,1.14,-70.5,2773,35,0.00015,-4.96e-05,0
2,1697217520.2365,252#400@166.38:8.9,5.423,0.00422,-47.4,0.678,-78.2,2804,34,0.00045,-0.00025,0
3,1697217529.1347,252#400@166.38:8.9,5.169,0.00319,-31.3,0.824,-64,2805,35,0.00015,4.96e-05,0
1,1697217529.1347,252#400@166.38:8.9,3.522,0,-46.6,1.46,-76.8,2803,33,0.00015,-4.96e-05,0
4,1697217529.1348,252#400@166.38:8.9,5.608,0.00552,-40.2,0.847,-71.9,2773,36,0.00015,0.00015,0
2,1697217529.1347,252#400@166.38:8.9,5.424,0.00451,-46.9,0.582,-76.1,2804,35,0.00035,-4.96e-05,0
3,1697217538.0326,252#400@166.38:8.9,5.169,0.00319,-31.2,0.76,-65.5,2805,36,0.00035,-0.000151,0
4,1697217538.0326,252#400@166.38:8.9,5.606,0.00504,-39.8,0.809,-72.5,2773,37,0.00035,-0.000151,0
1,1697217538.0327,252#400@166.38:8.9,3.522,0.00113,-46.4,0.948,-75.3,2803,34,0.00035,4.96e-05,0
2,1697217538.0328,252#400@166.38:8.9,5.423,0.00276,-46.8,0.737,-78.1,2804,36,0.00015,-5.05e-05,0
3,1697217546.9306,252#400@166.38:8.9,5.169,0.00357,-31.5,1.99,-62.8,2805,37,0.00045,-0.00025,0
4,1697217546.9307,252#400@166.38:8.9,5.607,0.00478,-40.3,1.14,-70,2773,38,0.00035,-0.000151,0
1,1697217546.9307,252#400@166.38:8.9,3.522,0.00195,-46.4,1.32,-76,2803,35,0.00035,-0.00025,0
2,1697217546.9306,252#400@166.38:8.9,5.422,0.00478,-47.8,2.08,-79,2804,37,0.00035,-0.000151,0
3,1697217555.8288,252#400@166.38:8.9,5.168,0.00319,-31.4,1.56,-61.2,2805,38,0.00045,-0.000151,0
4,1697217555.8288,252#400@166.38:8.9,5.607,0.00451,-40.3,0.981,-72.8,2773,39,0.00015,-0.000151,0
1,1697217555.8287,252#400@166.38:8.9,3.521,0.00159,-46.3,0.564,-77.5,2803,36,0.00035,-0.00025,0
2,1697217555.8287,252#400@166.38:8.9,5.422,0.00504,-47.9,0.39,-79.3,2804,38,0.00035,-0.000151,0
3,1697217564.7269,252#400@166.38:8.9,5.168,0.00391,-31.3,1.36,-64.3,2805,39,0.00015,-0.000151,0
4,1697217564.7267,252#400@166.38:8.9,5.605,0.00357,-40.3,0.543,-73.2,2773,40,0.00035,-0.000151,0
1,1697217564.7267,252#400@166.38:8.9,3.522,0.00195,-46.3,0.908,-77.8,2803,37,0.00035,-0.00025,0
2,1697217564.7268,252#400@166.38:8.9,5.422,0.00552,-47.8,0.876,-76.9,2804,39,0.00035,-0.000151,0
3,1697217573.6247,252#400@166.38:8.9,5.166,0.00226,-31.3,1.02,-64,2805,40,0.00035,-0.000151,0
4,1697217573.6248,252#400@166.38:8.9,5.603,0.00391,-40.3,1.43,-70,2773,41,0.00035,-0.000151,0
1,1697217573.6247,252#400@166.38:8.9,3.52,0.00252,-46.2,1.42,-77.1,2803,38,0.00025,-0.00025,0
2,1697217573.6249,252#400@166.38:8.9,5.419,0.00451,-47.5,1.36,-78.1,2804,40,0.00015,-0.000151,0
3,1697217582.5228,252#400@166.38:8.9,5.165,0.00276,-31.1,0.712,-65,2805,41,0.00035,-0.000151,0
4,1697217582.5229,252#400@166.38:8.9,5.601,0.00391,-40,0.999,-72.2,2773,42,0.00015,-0.000151,0
1,1697217582.5229,252#400@166.38:8.9,3.52,0.00159,-46.2,0.764,-77.2,2803,39,0.00015,-4.96e-05,0
2,1697217582.5227,252#400@166.38:8.9,5.416,0.00552,-47.4,1.63,-78.3,2804,41,0.00035,-0.000151,0
4,1697217591.4208,252#400@166.38:8.9,5.598,0.00504,-40,0.981,-72.8,2773,43,0.00035,-0.000151,0
1,1697217591.4209,252#400@166.38:8.9,3.519,0.00159,-46.3,0.87,-76.4,2803,40,0.00015,-4.96e-05,0
2,1697217591.4208,252#400@166.38:8.9,5.418,0.00357,-47.4,1.36,-78.8,2804,42,0.00035,-0.000151,0
3,1697217591.4208,252#400@166.38:8.9,5.164,0.00226,-31.2,1.54,-62,2805,42,0.00035,-0.00025,0
3,1697217600.319,252#400@166.38:8.9,5.163,0.00357,-31.2,1.77,-61.6,2805,43,0.00015,-5.05e-05,0
4,1697217600.3189,252#400@166.38:8.9,5.597,0.00226,-40.1,1.21,-70.9,2773,44,0.00035,-0.000151,0
1,1697217600.319,252#400@166.38:8.9,3.519,0.00159,-46.4,1.2,-75.5,2803,41,0.00035,4.96e-05,0
2,1697217600.3189,252#400@166.38:8.9,5.414,0.00638,-47.2,2.09,-76.7,2804,43,0.00035,-0.000151,0
3,1697217609.217,252#400@166.38:8.9,5.161,0.00276,-30.9,2.72,-64.3,2805,44,0.00015,4.96e-05,0
4,1697217609.217,252#400@166.38:8.9,5.594,0.00504,-40.4,29.2,-71.6,2773,45,0.00015,-0.000151,0
1,1697217609.2169,252#400@166.38:8.9,3.517,0.00159,-46.1,1.13,-76,2803,42,0.00035,-0.00025,0
2,1697217609.217,252#400@166.38:8.9,5.411,0.00159,-46.7,2.06,-77.4,2804,44,0.00015,-0.000151,0
3,1697217618.1149,252#400@166.38:8.9,5.16,0.00226,-30.9,2.88,-64.5,2805,45,0.00035,-0.000151,0
4,1697217618.1148,252#400@166.38:8.9,5.593,0.00422,-39.9,1.61,-72.1,2773,46,0.00045,-0.000151,0
1,1697217618.1149,252#400@166.38:8.9,3.517,0.00195,-46.2,0.691,-78,2803,43,0.00035,-0.00025,0
2,1697217618.1151,252#400@166.38:8.9,5.41,0.00319,-47.3,2.16,-78.3,2804,45,0.00015,0.00015,0
3,1697217627.013,252#400@166.38:8.9,5.16,0.00226,-31,0.869,-64.3,2805,46,0.00035,-0.000151,0
4,1697217627.013,252#400@166.38:8.9,5.591,0.00276,-39.7,0.976,-72.1,2773,47,0.00035,-0.000151,0
1,1697217627.0129,252#400@166.38:8.9,3.516,0.00195,-46.1,1.46,-77.7,2803,44,0.00035,-0.00025,0
2,1697217627.0129,252#400@166.38:8.9,5.409,0.00478,-45.4,1.23,-77.6,2804,46,0.00035,-0.000151,0
3,1697217635.911,252#400@166.38:8.9,5.158,0.00357,-31.2,1.5,-61.9,2805,47,0.00035,-0.00025,0
4,1697217635.9111,252#400@166.38:8.9,5.59,0.00552,-39.6,0.714,-69.5,2773,48,0.00035,-0.000151,0
1,1697217635.9111,252#400@166.38:8.9,3.516,0,-46.4,0.677,-77.4,2803,45,0.00015,-5.05e-05,0
2,1697217635.9111,252#400@166.38:8.9,5.408,0.00575,-45.4,0.805,-75.3,2804,47,0.00035,-5.05e-05,0
3,1697217644.8091,252#400@166.38:8.9,5.158,0.00226,-31,1.13,-62,2805,48,0.00015,-0.00025,0
4,1697217644.8092,252#400@166.38:8.9,5.588,0.00422,-39.9,0.825,-72.5,2773,49,0.00015,-0.000151,0
1,1697217644.8092,252#400@166.38:8.9,3.515,0.00159,-46.1,0.715,-77.2,2803,46,0.00015,4.96e-05,0
2,1697217644.8091,252#400@166.38:8.9,5.404,0.00357,-45.2,2.19,-75.4,2804,48,0.00015,-0.00025,0
3,1697217653.7072,252#400@166.38:8.9,5.157,0.00159,-31.1,2.11,-64.3,2805,49,0.00015,4.96e-05,0
4,1697217653.707,252#400@166.38:8.9,5.587,0.00319,-39.6,0.511,-73,2773,50,0.00035,-0.000151,0
1,1697217653.7071,252#400@166.38:8.9,3.515,0,-46.1,1.44,-75.1,2803,47,0.00035,-5.05e-05,0
2,1697217653.7073,252#400@166.38:8.9,5.403,0.00391,-44.7,0.924,-76.8,2804,49,0.00015,0.00015,0
3,1697217662.605,252#400@166.38:8.9,5.155,0.00159,-30.9,0.866,-64.7,2805,50,0.00035,-0.00025,0
4,1697217662.6052,252#400@166.38:8.9,5.585,0.00357,-39.8,2.92,-70,2773,51,0.00035,-4.96e-05,0
1,1697217662.6051,252#400@166.38:8.9,3.513,0.00195,-46.2,1.23,-75.7,2803,48,0.00035,-0.00025,0
2,1697217662.6051,252#400@166.38:8.9,5.402,0.00451,-45.1,2.24,-77.2,2804,50,0.00035,-0.000151,0
3,1697217671.5031,252#400@166.38:8.9,5.155,0.00159,-31.1,1.4,-63.9,2805,51,0.00045,-0.000151,0
4,1697217671.5033,252#400@166.38:8.9,5.584,0.00226,-39.3,0.925,-71.8,2773,52,0.00015,-5.05e-05,0
1,1697217671.5032,252#400@166.38:8.9,3.513,0.00195,-46.3,1.16,-77.4,2803,49,0.00035,-0.000151,0
2,1697217671.5032,252#400@166.38:8.9,5.401,0.00575,-45.1,3.07,-75.5,2804,51,0.00035,-4.96e-05,0
3,1697217680.4012,252#400@166.38:8.9,5.154,0.00276,-31,1.7,-61.7,2805,52,0.00035,-0.000151,0
4,1697217680.4011,252#400@166.38:8.9,5.583,0,-39.6,1.42,-72.4,2773,53,0.00035,-0.000151,0
1,1697217680.4012,252#400@166.38:8.9,3.513,0.00195,-46.2,0.821,-78.3,2803,50,0.00035,-0.00025,0
2,1697217680.4013,252#400@166.38:8.9,5.399,0.00478,-45.2,1.51,-74.5,2804,52,0.00025,-0.000151,0
3,1697217689.2993,252#400@166.38:8.9,5.154,0.00391,-31,1.94,-61.9,2805,53,0.00015,-0.000151,0
4,1697217689.2992,252#400@166.38:8.9,5.581,0.00319,-39.6,1.22,-70.9,2773,54,0.00045,-0.000151,0
1,1697217689.2994,252#400@166.38:8.9,3.512,0.00226,-46.2,1.46,-77.2,2803,51,0.00015,4.96e-05,0
2,1697217689.2994,252#400@166.38:8.9,5.398,0.00391,-45.1,0.512,-76.8,2804,53,0.00015,-4.96e-05,0
2,1697217698.1972,252#400@166.38:8.9,5.396,0.00422,-45.2,1.69,-77.3,2804,54,0.00035,-0.000151,0
3,1697217698.1974,252#400@166.38:8.9,5.153,0.00159,-30.8,1.05,-64.1,2805,54,0.00015,4.96e-05,0
4,1697217698.1973,252#400@166.38:8.9,5.581,0.00319,-39.7,1.1,-70.1,2773,55,0.00015,-0.000151,0
1,1697217698.1974,252#400@166.38:8.9,3.512,0,-46,0.511,-77,2803,52,0.00015,-4.96e-05,0
1,1697217707.0954,252#400@166.38:8.9,3.51,0,-46,1.55,-75.1,2803,53,0.00015,4.96e-05,0
2,1697217707.0953,252#400@166.38:8.9,5.395,0.00597,-44.8,0.905,-77,2804,55,0.00035,-0.000151,0
3,1697217707.0952,252#400@166.38:8.9,5.153,0.00226,-30.8,2.44,-64.2,2805,55,0.00045,-0.000151,0
4,1697217707.0954,252#400@166.38:8.9,5.58,0.00319,-40.2,1.03,-71.5,2773,56,0.00015,4.96e-05,0
1,1697217715.9934,252#400@166.38:8.9,3.51,0.00195,-46,0.595,-75.7,2803,54,0.00035,4.96e-05,0
3,1697217715.9933,252#400@166.38:8.9,5.151,0.00226,-30.7,1.77,-64.4,2805,56,0.00035,-0.000151,0
4,1697217715.9933,252#400@166.38:8.9,5.578,0.00504,-40.5,2.15,-72.2,2773,57,0.00035,-0.000151,0
2,1697217715.9934,252#400@166.38:8.9,5.392,0.00677,-44.8,0.649,-74.9,2804,56,0.00035,-0.000151,0
3,1697217724.8914,252#400@166.38:8.9,5.151,0.00159,-30.9,1.07,-61.8,2805,57,0.00025,-0.000151,0
4,1697217724.8914,252#400@166.38:8.9,5.577,0.00159,-39.8,1.22,-68.9,2773,58,0.00035,-0.000151,0
1,1697217724.8914,252#400@166.38:8.9,3.51,0.00159,-45.9,0.825,-77.3,2803,55,0.00035,-0.00025,0
2,1697217724.8915,252#400@166.38:8.9,5.39,0.00504,-44.9,0.609,-75.1,2804,57,0.00015,-0.000151,0
2,1697217733.7896,252#400@166.38:8.9,5.39,0.00422,-44.3,0.347,-76.3,2804,58,0.00015,0.00015,0
3,1697217733.7895,252#400@166.38:8.9,5.151,0.00226,-31.3,18,-61,2805,58,0.00015,-0.000151,0
4,1697217733.7896,252#400@166.38:8.9,5.577,0.00422,-40.2,1.53,-70.7,2773,59,0.00015,-5.05e-05,0
1,1697217733.7894,252#400@166.38:8.9,3.509,0.00226,-46.1,1.02,-78.1,2803,56,0.00035,-0.00025,0
2,1697217742.6874,252#400@166.38:8.9,5.39,0.00276,-44.2,1.58,-77.4,2804,59,0.00035,-0.000151,0
3,1697217742.6876,252#400@166.38:8.9,5.15,0.00276,-31,1.49,-64,2805,59,0.00015,4.96e-05,0
4,1697217742.6874,252#400@166.38:8.9,5.577,0.00357,-40.1,2.56,-70.5,2773,60,0.00035,-0.000151,0
1,1697217742.6876,252#400@166.38:8.9,3.509,0.00113,-46,1.88,-77.1,2803,57,0.00015,-5.05e-05,0
2,1697217751.5855,252#400@166.38:8.9,5.391,0.00422,-43.7,4.92,-74.5,2804,60,0.00035,-0.000151,0
3,1697217751.5854,252#400@166.38:8.9,5.15,0.00159,-30.8,0.761,-63.1,2805,60,0.00035,-0.000151,0
4,1697217751.5855,252#400@166.38:8.9,5.575,0.00276,-39.9,1.1,-70.3,2773,61,0.00035,-0.000151,0
1,1697217751.5856,252#400@166.38:8.9,3.509,0,-45.8,0.752,-76.6,2803,58,0.00015,4.96e-05,0
1,1697217760.4836,252#400@166.38:8.9,3.507,0.00159,-45.8,1.1,-75,2803,59,0.00035,-5.05e-05,0
2,1697217760.4836,252#400@166.38:8.9,5.389,0.00357,-47.8,26.3,-76.6,2804,61,0.00035,-0.000151,0
3,1697217760.4835,252#400@166.38:8.9,5.148,0.00226,-30.8,0.985,-65.1,2805,61,0.00035,-0.000151,0
4,1697217760.4836,252#400@166.38:8.9,5.575,0.00391,-40.4,39,-69.3,2773,62,0.00015,-0.000151,0
4,1697217769.3818,252#400@166.38:8.9,5.574,0.00357,-39.6,3.5,-68.6,2773,63,0.00015,0.00015,0
1,1697217769.3816,252#400@166.38:8.9,3.507,0.00195,-45.8,1.35,-75.6,2803,60,0.00035,-0.00025,0
2,1697217769.3817,252#400@166.38:8.9,5.389,0.00748,-44.5,1.87,-75.3,2804,62,0.00015,-0.000151,0
3,1697217769.3816,252#400@166.38:8.9,5.148,0,-30.8,1.94,-62.3,2805,62,0.00035,-0.000151,0
4,1697217778.2796,252#400@166.38:8.9,5.572,0.00391,-39.5,0.439,-71.2,2773,64,0.00035,-0.000151,0
1,1697217778.2796,252#400@166.38:8.9,3.507,0.00195,-45.6,0.937,-77.6,2803,61,0.00035,-0.00025,0
2,1697217778.2796,252#400@166.38:8.9,5.385,0.00638,-44.9,2.21,-76.9,2804,63,0.00035,-0.000151,0
3,1697217778.2797,252#400@166.38:8.9,5.148,0.00226,-31,1.43,-60.9,2805,63,0.00035,-0.000151,0
4,1697217787.1777,252#400@166.38:8.9,5.571,0.00422,-39.7,1.2,-69.9,2773,65,0.00025,-0.000151,0
1,1697217787.1776,252#400@166.38:8.9,3.506,0.00159,-45.6,1.09,-77.6,2803,62,0.00035,-0.00025,0
2,1697217787.1776,252#400@166.38:8.9,5.385,0.00357,-44.5,1.38,-77.6,2804,64,0.00045,-0.00025,0
3,1697217787.1778,252#400@166.38:8.9,5.147,0,-30.8,1.61,-63.1,2805,64,0.00015,-0.000151,0
4,1697217796.0758,252#400@166.38:8.9,5.571,0.00319,-39.4,0.849,-70.4,2773,66,0.00015,-0.000151,0
1,1697217796.0759,252#400@166.38:8.9,3.506,0.00159,-45.5,1.25,-77.1,2803,63,0.00015,4.96e-05,0
2,1697217796.0758,252#400@166.38:8.9,5.381,0.00844,-44.4,1.32,-74.7,2804,65,0.00035,-0.000151,0
3,1697217796.0759,252#400@166.38:8.9,5.147,0.00276,-30.7,1.22,-63.6,2805,65,0.00015,0.00015,0
4,1697217804.9737,252#400@166.38:8.9,5.57,0.00276,-39.7,3.03,-69.1,2773,67,0.00035,-0.000151,0
1,1697217804.9739,252#400@166.38:8.9,3.506,0.00159,-45.8,0.393,-76.5,2803,64,0.00015,4.96e-05,0
2,1697217804.9739,252#400@166.38:8.9,5.379,0.00996,-44.4,0.665,-74.3,2804,66,0.00015,-0.000151,0
3,1697217804.9737,252#400@166.38:8.9,5.146,0.00276,-30.8,0.984,-65,2805,66,0.00035,-0.000151,0
1,1697217813.8719,252#400@166.38:8.9,3.505,0.00113,-45.7,1.33,-74.8,2803,65,0.00035,4.96e-05,0
2,1697217813.872,252#400@166.38:8.9,5.374,0.00996,-44.6,2.8,-76.3,2804,67,0.00015,0.00015,0
3,1697217813.8718,252#400@166.38:8.9,5.145,0.00226,-31,1.22,-63.3,2805,67,0.00035,-0.000151,0
4,1697217813.8718,252#400@166.38:8.9,5.569,0.00422,-39.2,1.7,-69.4,2773,68,0.00035,-0.000151,0
3,1697217822.7699,252#400@166.38:8.9,5.145,0,-30.8,1.84,-61.1,2805,68,0.00035,-0.000151,0
4,1697217822.7699,252#400@166.38:8.9,5.567,0.00319,-39.8,1.34,-67.6,2773,69,0.00035,-0.000151,0
1,1697217822.7699,252#400@166.38:8.9,3.505,0.00226,-45.6,1.43,-75.5,2803,66,0.00035,-0.00025,0
2,1697217822.7698,252#400@166.38:8.9,5.376,0.012,-45.7,1.49,-77.9,2804,68,0.00035,-0.000151,0
3,1697217831.668,252#400@166.38:8.9,5.144,0.00226,-30.8,1.23,-62.6,2805,69,0.00015,-0.000151,0
4,1697217831.668,252#400@166.38:8.9,5.565,0.00451,-39.9,0.869,-69.8,2773,70,0.00015,-0.000151,0
1,1697217831.6679,252#400@166.38:8.9,3.505,0.00195,-45.6,1.05,-77.4,2803,67,0.00035,-0.00025,0
2,1697217831.6679,252#400@166.38:8.9,5.372,0.013,-45.4,1.3,-76.1,2804,69,0.00035,-0.000151,0
3,1697217840.5661,252#400@166.38:8.9,5.144,0.00159,-30.6,2.23,-63.7,2805,70,0.00015,0.00015,0
4,1697217840.5659,252#400@166.38:8.9,5.565,0.00422,-39.9,0.968,-69.7,2773,71,0.00035,-0.000151,0
1,1697217840.5659,252#400@166.38:8.9,3.504,0.00159,-45.6,1.14,-77.7,2803,68,0.00035,-0.00025,0
2,1697217840.566,252#400@166.38:8.9,5.368,0.00888,-45.5,0.928,-74.9,2804,70,0.00035,-0.000151,0
3,1697217849.4639,252#400@166.38:8.9,5.143,0.00226,-30.6,2.12,-64.8,2805,71,0.00035,-0.000151,0
4,1697217849.464,252#400@166.38:8.9,5.565,0,-39.7,1.43,-65.4,2773,72,0.00035,-0.000151,0
1,1697217849.4641,252#400@166.38:8.9,3.504,0.00113,-45.4,1.58,-76.4,2803,69,0.00015,4.96e-05,0
2,1697217849.4641,252#400@166.38:8.9,5.362,0.0127,-45.7,1.12,-76.1,2804,71,0.00015,-0.000151,0
4,1697208624.5713,252#124@166.38:8.9,-5.231,0.456,-74.6,55.6,-83.1,5553,1,0.00115,0,0
1,1697170564.0332,252#407@166.38:8.9,3.832,0.0116,-73.1,9.56,-81.8,5597,1,0.0003,0,0
1,1697170572.9314,252#407@166.38:8.9,3.818,0.0359,-73.3,18.7,-81.8,5597,2,9.99e-05,0,0
1,1697170590.7277,252#407@166.38:8.9,3.845,0.0152,-74,13.6,-82,5597,3,0.0005,0.000299,0
1,1697170599.6257,252#407@166.38:8.9,3.83,0.0174,-73.1,11.6,-81.9,5597,4,0.0003,0,0
1,1697170608.5239,252#407@166.38:8.9,3.839,0.012,-73.3,61.3,-82.5,5597,5,0.0004,0,0
1,1697170617.4222,252#407@166.38:8.9,3.842,0.0138,-74,19.2,-82,5597,6,0.0003,0,0
1,1697170626.3202,252#407@166.38:8.9,3.84,0.00851,-71.9,23.5,-81.9,5597,7,0.0003,-0.0002,0
1,1697170635.2184,252#407@166.38:8.9,3.831,0.0199,-72,18.5,-81.7,5597,8,0.0001,0,0
1,1697170644.1164,252#407@166.38:8.9,3.833,0.01,-72.3,27,-81.9,5597,9,0.0003,0,0
1,1697170653.0147,252#407@166.38:8.9,3.83,0.0141,-71.8,25.6,-81.8,5597,10,0.0004,0,0
1,1697170661.9126,252#407@166.38:8.9,3.842,0.0167,-72.6,15.5,-81.6,5597,11,0.0003,-0.0003,0
1,1697170670.8109,252#407@166.38:8.9,3.84,0.0126,-72.5,52.2,-82.7,5597,12,0.0003,0,0
1,1697170679.7089,252#407@166.38:8.9,3.837,0.00586,-72.4,12.1,-81.5,5597,13,0.0003,-0.0003,0
1,1697170688.6071,252#407@166.38:8.9,3.831,0.0189,-70.8,15.1,-81.8,5597,14,0.0008,0,0
1,1697170697.5051,252#407@166.38:8.9,3.839,0.0119,-71.7,55.6,-82.5,5597,15,0.0007,-0.0003,0
1,1697170706.4034,252#407@166.38:8.9,3.83,0.0114,-69.5,17.9,-81.6,5597,16,0.0003,-0.0003,0
1,1697170715.3017,252#407@166.38:8.9,3.828,0.0119,-69.4,23.1,-81.9,5597,17,0.0001,0.0001,0
1,1697170733.0979,252#407@166.38:8.9,3.843,0.0093,-70.5,16.3,-81.4,5597,18,9.97e-05,0.0002,0
1,1697170741.9959,252#407@166.38:8.9,3.826,0.00465,-70.7,52.5,-82.5,5597,19,0.0003,0,0
1,1697170750.8941,252#407@166.38:8.9,3.833,0.0127,-68.9,18.4,-81.8,5597,20,0.0004,0,0
1,1697170759.7924,252#407@166.38:8.9,3.83,0.00731,-68.8,7.92,-81.7,5597,21,9.97e-05,0,0
1,1697170768.6904,252#407@166.38:8.9,3.833,0.00789,-67.8,20.4,-81.9,5597,22,0.0003,0,0
1,1697170777.5886,252#407@166.38:8.9,3.832,0.00739,-67.2,2.69,-81.6,5597,23,0.0001,0,0
1,1697170786.4866,252#407@166.38:8.9,3.829,0.00829,-68.7,52.1,-82.4,5597,24,0.0008,0,0
1,1697170795.3849,252#407@166.38:8.9,3.834,0.00923,-67.1,20.2,-81.8,5597,25,0.0003,0,0
1,1697170804.2829,252#407@166.38:8.9,3.831,0.0097,-66.9,9.81,-81.5,5597,26,0.0002,-0.0002,0
1,1697170813.1811,252#407@166.38:8.9,3.831,0.0108,-66.2,15.5,-81.7,5597,27,0.0004,0,0
1,1697170822.0791,252#407@166.38:8.9,3.828,0.00357,-66.9,54.1,-82.5,5597,28,0.0003,-0.0003,0
1,1697170830.9774,252#407@166.38:8.9,3.831,0.00575,-65.9,8.57,-81.9,5597,29,0.0003,0,0
1,1697170839.8754,252#407@166.38:8.9,3.829,0.00407,-65.7,15.1,-81.8,5597,30,0.0003,-0.0002,0
1,1697170848.7736,252#407@166.38:8.9,3.83,0.00276,-65.2,14.1,-81.7,5597,31,0.0008,0,0
1,1697170857.6716,252#407@166.38:8.9,3.824,0.011,-64.8,5,-81.5,5597,32,0.0003,-0.0003,0
1,1697170866.5698,252#407@166.38:8.9,3.838,0.00478,-65.3,18.3,-81.6,5597,33,0.0004,-0.0001,0
1,1697170875.4681,252#407@166.38:8.9,3.833,0.0109,-66,8.86,-81.7,5597,34,0.0004,0,0
